每幅图像的标定误差：
第1幅图像的平均误差：0.288161像素
第2幅图像的平均误差：0.288951像素
第3幅图像的平均误差：0.184283像素
第4幅图像的平均误差：0.0938267像素
第5幅图像的平均误差：0.209933像素
第6幅图像的平均误差：0.304321像素
第7幅图像的平均误差：0.25391像素
第8幅图像的平均误差：0.243812像素
第9幅图像的平均误差：0.136727像素
第10幅图像的平均误差：0.147696像素
第11幅图像的平均误差：0.153724像素
第12幅图像的平均误差：0.208941像素
第13幅图像的平均误差：0.254786像素
第14幅图像的平均误差：0.133689像素
总体平均误差：0.20734像素

相机内参数矩阵：
[2375.189181580514, 0, 846.2789039463301;
  0, 2393.636106808869, 256.7579910517275;
  0, 0, 1]

畸变系数：
[-0.5548770648807508, 3.500020354118036, -0.0001180740787149376, -0.0158102193919295, -12.94229061014882]


第1幅图像的旋转向量：
[-45.76707674008257; 5.622600591022733; 401.7446444494058]
第1幅图像的旋转矩阵：
[-0.6137352952780444, -0.7703117568802178, -0.173057171310766;
  0.7651669692652194, -0.6343581476851389, 0.1100420356543732;
  -0.194546900451923, -0.06488095003613691, 0.9787450974829748]
第1幅图像的平移向量：
[0.3197061675613998; 2.384874213227118; -0.3367519119147034]

第2幅图像的旋转向量：
[-23.32319480820455; 7.548402754758308; 380.9874751819421]
第2幅图像的旋转矩阵：
[0.07522968196723028, 0.9942419853475275, -0.07631100525688681;
  -0.9964843959497862, 0.07212823195745013, -0.04261885478614197;
  -0.03686927690773684, 0.07924892886909882, 0.9961728081479646]
第2幅图像的平移向量：
[0.22343055602196; 2.424824058386057; -0.5330430908966575]

第3幅图像的旋转向量：
[-8.974240908143232; -3.890738181649811; 366.2759232561307]
第3幅图像的旋转矩阵：
[-0.3986506980565019, -0.9160467632169773, -0.04399941520932884;
  0.9167747160625568, -0.3993324331760002, 0.007597881425351415;
  -0.02453040822086195, -0.03730865065148412, 0.9990026644904824]
第3幅图像的平移向量：
[0.1426834772025307; 2.467302635037643; -0.1736158869210311]

第4幅图像的旋转向量：
[-9.017492620021358; 1.725865037056691; 362.0677673951823]
第4幅图像的旋转矩阵：
[-0.6198219052627224, 0.7835036702283804, -0.04407725598476084;
  -0.7838882622708165, -0.6207898313281768, -0.01179735536353347;
  -0.03660598353450549, 0.0272393843210734, 0.9989584665596868]
第4幅图像的平移向量：
[0.03265120276937928; 2.894261978905701; -0.2398486260519391]

第5幅图像的旋转向量：
[4.154732518546467; -2.981582917205516; 343.9179322269379]
第5幅图像的旋转矩阵：
[-0.04827334708068336, 0.998606575579665, 0.02132114374705101;
  -0.9988261350720357, -0.04834753952805502, 0.002977804332490617;
  0.004004479827308637, -0.02115236702210158, 0.9997682438998923]
第5幅图像的平移向量：
[0.04225674227606593; 2.740056766969939; 0.3282512665986995]

第6幅图像的旋转向量：
[-62.86099839611779; 23.98834538993287; 399.6395181650898]
第6幅图像的旋转矩阵：
[-0.9518794984140898, -0.02006173499808975, -0.3058152175543382;
  -0.01666359979540639, -0.9929911499107952, 0.1170081221142154;
  -0.3060191904779818, 0.1164736149851246, 0.9448736169835084]
第6幅图像的平移向量：
[-0.01018340977168664; 2.150647765170873; -0.203204282800184]

第7幅图像的旋转向量：
[-28.32082356960769; 9.762590303353109; 395.7806875145766]
第7幅图像的旋转矩阵：
[0.4809599280908873, -0.8766052365974115, -0.01551794898833668;
  0.8747740674363049, 0.4786194745251277, 0.07545680583110796;
  -0.0587186385379579, -0.0498663992612941, 0.9970283164047858]
第7幅图像的平移向量：
[0.4225676634817501; 2.495147022499897; -1.195129556941796]

第8幅图像的旋转向量：
[-44.01005518549863; 8.742886319476877; 402.5233490055668]
第8幅图像的旋转矩阵：
[-0.9459213559600794, -0.2494859400799923, -0.2073392245597709;
  0.2402480023091944, -0.9682547932936938, 0.06901849498668825;
  -0.2179763421224559, 0.01547323386330969, 0.9758313856956671]
第8幅图像的平移向量：
[0.4341504780621626; 2.37331537319578; -1.214370213119141]

第9幅图像的旋转向量：
[-22.5023133834524; -4.345288582056408; 384.8999812426292]
第9幅图像的旋转矩阵：
[-0.66606393790341, -0.7383618573357065, -0.1057383480879489;
  0.7405608122525436, -0.6715453281670967, 0.02442448715530199;
  -0.08904220336702919, -0.0620374068503219, 0.9940939825644414]
第9幅图像的平移向量：
[0.3328933172337312; 2.690140189946146; -0.5182668759344927]

第10幅图像的旋转向量：
[-27.63426363678019; -0.7444800532875509; 374.1124552698793]
第10幅图像的旋转矩阵：
[-0.2769695249513847, 0.9564236137097441, -0.09242160670859716;
  -0.9560482040556125, -0.2839318605109589, -0.07317465482544674;
  -0.09622740654430105, 0.06809236172420291, 0.9930275507278632]
第10幅图像的平移向量：
[0.4333679844050294; 2.829368712018979; -0.6186838309264802]

第11幅图像的旋转向量：
[-47.60387757992385; 0.9325911347147854; 381.1259771181568]
第11幅图像的旋转矩阵：
[0.6912382791863061, -0.7216892989558678, -0.0367994179321155;
  0.7215005661664055, 0.6864232192371443, 0.0908850764079103;
  -0.04033081215535943, -0.08937404469253538, 0.995181242651903]
第11幅图像的平移向量：
[-0.387787619413348; -2.989975177863801; 0.7657875578990602]

第12幅图像的旋转向量：
[-45.85912429215697; -2.770312971802577; 370.8615817092696]
第12幅图像的旋转矩阵：
[-0.9583656528833622, -0.1495000369766212, -0.2432797038748526;
  0.1531177194577899, -0.9881995244411457, 0.004082141881286021;
  -0.2410191680375081, -0.03333824887846268, 0.9699475871407827]
第12幅图像的平移向量：
[0.3979651853161429; 2.898024156693898; -0.5527166477044976]

第13幅图像的旋转向量：
[-63.58461054332059; -12.42981271501693; 408.819759534164]
第13幅图像的旋转矩阵：
[0.7255040365313136, 0.6878732288766188, -0.02177875046060631;
  -0.6852795421449868, 0.7191235572692334, -0.1151227974729646;
  -0.063528277910927, 0.09844658640754689, 0.993112494901949]
第13幅图像的平移向量：
[0.441094673379982; 2.415841159283967; -0.3243156135429049]

第14幅图像的旋转向量：
[-49.02016434126637; 5.520410111338225; 400.6631243763572]
第14幅图像的旋转矩阵：
[0.02082810415537858, -0.9941371005943924, -0.1061019099689911;
  0.9908364932894684, 0.006359578910663789, 0.1349170090163146;
  -0.1334512406953265, -0.107939709921114, 0.9851597765738429]
第14幅图像的平移向量：
[0.3839869614984581; 2.865205122673423; -0.7133700048139814]


