每幅图像的标定误差：
第1幅图像的平均误差：0.216808像素
第2幅图像的平均误差：0.324403像素
第3幅图像的平均误差：0.128376像素
第4幅图像的平均误差：0.24386像素
第5幅图像的平均误差：0.39042像素
第6幅图像的平均误差：0.176087像素
第7幅图像的平均误差：0.357129像素
第8幅图像的平均误差：0.312429像素
第9幅图像的平均误差：0.280993像素
第10幅图像的平均误差：0.403481像素
第11幅图像的平均误差：0.349202像素
第12幅图像的平均误差：0.604829像素
第13幅图像的平均误差：0.231122像素
第14幅图像的平均误差：0.238541像素
总体平均误差：0.30412像素

相机内参数矩阵：
[2233.877848058125, 0, 551.7719897407797;
  0, 2238.665363024373, 547.2474464066359;
  0, 0, 1]

畸变系数：
[0.636585872587729, -23.25800598823793, 0.0002298291375718161, -0.01798009945118581, 228.7321910591463]


第1幅图像的旋转向量：
[37.42731356840723; -32.84135303939123; 264.1345959672473]
第1幅图像的旋转矩阵：
[0.1957315346353366, 0.9527172532596412, 0.2324198823050665;
  -0.9806251823088564, 0.192073229367389, 0.03849839453931341;
  -0.007963552663121931, -0.2354521393017852, 0.9718533181129726]
第1幅图像的平移向量：
[-0.2230905356189546; -2.931167153945811; 0.3965652795537053]

第2幅图像的旋转向量：
[36.52457319342028; -28.38012353605155; 235.3048414108281]
第2幅图像的旋转矩阵：
[0.5118586726263353, -0.8586201373421309, -0.02778774923930479;
  0.8406048496233216, 0.507265109978001, -0.1899094389143402;
  0.1771558241971149, 0.07384827655122991, 0.9814082972970293]
第2幅图像的平移向量：
[-0.02577302149280284; -2.85822038044998; 0.5208827285089175]

第3幅图像的旋转向量：
[33.9146857258344; -37.97573184828394; 215.1375772560196]
第3幅图像的旋转矩阵：
[0.4054872574487553, -0.9116273338114111, -0.06719887122998787;
  0.879540486921391, 0.4091239955395138, -0.2429528516808688;
  0.2489751311130676, 0.03941015759523832, 0.9677077159791323]
第3幅图像的平移向量：
[-0.1189432253767613; -2.894250504881696; 0.1454819620058696]

第4幅图像的旋转向量：
[30.4361226348874; -31.94337246091706; 212.6930603878157]
第4幅图像的旋转矩阵：
[-0.8625542387946537, 0.3879546387758692, 0.3247943709328419;
  -0.4662462862251883, -0.85876857150055, -0.2124404414986103;
  0.1965059432144368, -0.3346755725403178, 0.9216168810445117]
第4幅图像的平移向量：
[0.03942641849346924; -2.494900386966361; 0.08615077429846269]

第5幅图像的旋转向量：
[24.62531526915302; -34.52574411662477; 192.0283915198646]
第5幅图像的旋转矩阵：
[-0.2806868784854821, -0.9597632623598295, -0.008328053223497334;
  0.9025561604538105, -0.2609848184217997, -0.3424606572735268;
  0.3265076621963899, -0.1036407486356475, 0.9394952590350261]
第5幅图像的平移向量：
[-0.2130805845640912; -2.603496476563747; -0.4010392315261222]

第6幅图像的旋转向量：
[-45.26116593777228; 32.71905220374381; 269.1127601439606]
第6幅图像的旋转矩阵：
[-0.01422987997398485, 0.9578152297239999, -0.2870322215791942;
  -0.9986896416513111, -0.02772728406693382, -0.04301392073093879;
  -0.04915801231032349, 0.2860440235820934, 0.9569547044655067]
第6幅图像的平移向量：
[3.070546303788686; 0.0420296900266063; 0.1214092234140494]

第7幅图像的旋转向量：
[44.06034966666379; -27.77269167923161; 247.2432424589561]
第7幅图像的旋转矩阵：
[0.2502685104563799, -0.9678565223485923, 0.02488824664844505;
  0.9382145431039478, 0.23609771639314, -0.2530046233217788;
  0.2389961166676053, 0.0866696051752483, 0.9671448887093243]
第7幅图像的平移向量：
[0.1006977304848121; -2.422901900825004; 1.094274447001731]

第8幅图像的旋转向量：
[39.54569895034353; -29.84437490715897; 263.7595076344819]
第8幅图像的旋转矩阵：
[-0.2051149984600817, 0.9358433818968076, 0.2865746010494764;
  -0.9762152682750301, -0.2166287184843324, 0.008703350765469436;
  0.07022526178969797, -0.2779733132654675, 0.9580183973801268]
第8幅图像的平移向量：
[0.09875416861417385; -2.496207513660735; 1.183115085773589]

第9幅图像的旋转向量：
[39.0673101679153; -40.11275715282667; 236.3331430466483]
第9幅图像的旋转矩阵：
[-0.5222723417115212, 0.7628739385649993, 0.381123280503159;
  -0.8459038755882181, -0.5200794026212539, -0.1181695740618202;
  0.1080658796660464, -0.3841103602188377, 0.9169411087003124]
第9幅图像的平移向量：
[-0.1135616287581772; -2.59486636436588; 0.4673436830918926]

第10幅图像的旋转向量：
[27.51352560447795; -35.69337686062617; 233.5656114416758]
第10幅图像的旋转矩阵：
[0.6364201015518812, 0.7549453228688987, 0.1581992851408237;
  -0.7677367834209714, 0.6397872803032704, 0.03539021537890252;
  -0.07449621281054375, -0.1439784547788972, 0.9867727797402841]
第10幅图像的平移向量：
[-0.1334881317628572; -2.403482862308676; 0.5349543719551315]

第11幅图像的旋转向量：
[19.37942666997405; -35.28896796030868; 252.6554048517315]
第11幅图像的旋转矩阵：
[-0.1886997203503579, 0.9559821341675346, 0.2247010785291933;
  -0.9809645286099945, -0.1728135885165206, -0.08856668240943728;
  -0.04583676634174969, -0.2371362957805673, 0.9703944394290414]
第11幅图像的平移向量：
[-0.02038665964103345; -2.164444143529769; 0.5672715093260569]

第12幅图像的旋转向量：
[12.61863346474998; -37.90400010969172; 244.7745824598956]
第12幅图像的旋转矩阵：
[-0.9799965703906463, -0.184972551622262, 0.07342940261857565;
  0.1541003240199266, -0.9387682314517357, -0.3081676455339433;
  0.125935746154636, -0.2906877409925126, 0.9484939773541767]
第12幅图像的平移向量：
[-0.1168431080281046; -2.359028897078371; 0.4640942413001445]

第13幅图像的旋转向量：
[30.51291445393156; -51.77960292791351; 281.7153344285019]
第13幅图像的旋转矩阵：
[0.5689501618552696, 0.7992606840295431, 0.1935925419263075;
  -0.815862270271706, 0.5781448583905058, 0.01082952740056441;
  -0.1032689172595513, -0.1641063121310348, 0.9810222469683299]
第13幅图像的平移向量：
[-0.3471860269505397; -2.861118255852827; 0.4138158003331442]

第14幅图像的旋转向量：
[33.21562393817913; -32.58125018614258; 265.3154835794283]
第14幅图像的旋转矩阵：
[0.6923079251452609, 0.7105557749739975, 0.125778485569535;
  -0.7198760959729855, 0.692128186616834, 0.05231615178112858;
  -0.04988129136015678, -0.126763811640369, 0.9906779460705928]
第14幅图像的平移向量：
[-0.05199273589728217; -2.357163482441448; 0.5804553451889432]


